"X"
3.1304228485886
4.55393132112876
2.67260201442086
7.2144899463982
6.0437041895648
6.50919566786482
9.75545827327597
7.99656057054427
4.14854050007989
2.72117164919593
9.13572022196042
11.5476972236187
8.63888651674804
4.93270682380482
3.96453040115722
3.45690424632041
4.16339531300245
6.63346321963954
4.04439880746523
4.43914665031956
3.55922174820897
10.0180432947988
5.75291049471341
4.14812070589837
9.31337582876861
8.78566399749613
8.8225359777343
4.84218485876575
8.70714897529688
14.0072325536918
6.43849023563695
3.09597473596375
9.03383625550392
4.97271784444569
9.91410545622103
5.95418313700143
12.6409227685276
17.5423447935745
4.63684045115446
6.33946663631908
2.49848619179067
5.89197592164573
10.3581945907311
4.04138701481746
6.82994084833278
8.86918351032224
10.9566768726951
7.40147407307901
3.06540881400939
1.43818353247179
4.84165991893599
8.68955703417088
3.25142914362702
5.97784193663931
11.1890214563284
6.26333326656939
9.01517439446112
6.59324216450702
4.38344963446492
3.95711429447631
2.66467684075312
5.75797277937001
6.51749643923957
5.07754112394683
5.29695027853792
10.3359018256247
5.93869592407028
8.26774698677773
10.0422025290233
8.29168713194842
6.73752438163998
4.61707695870143
9.43397036655179
6.87210963024935
8.16553533501844
2.1395398928706
4.53308596650067
7.07855791676231
11.2398763177745
4.43268222082036
1.93785437552543
1.93713518623653
4.43950315460132
8.01009831561909
3.93671943587313
3.92027516221533
5.74936180683751
8.64285299317956
6.50615503577269
12.2855040276512
1.67801698682715
3.44909287970579
12.044378605865
3.3416516618348
2.06756600311651
11.269689523354
19.3622071926874
7.76618840357247
6.91359819977358
7.28639027227018
6.73742295270545
9.93064427686329
5.17325041124733
18.5997970022216
7.80588760732816
9.32253580307351
10.3628298954637
6.80847646819458
6.23857324407167
3.07342973939381
9.44771929383001
7.3503759395338
3.51010609812824
9.80698343909583
12.8631222945762
14.0423561666422
8.68012923460517
10.9603545597825
2.73884791947627
12.0235491020165
6.85359300402559
4.24428023319679
10.6893050036128
3.83565352823112
17.7740509184186
4.60137904629943
2.39379228957603
8.59560482537073
15.8309517068908
4.64342079322702
4.6340617772045
8.46257969843919
8.96927604240586
18.8543042188977
2.19080632229371
19.3172734774815
3.70119402293366
3.92464672603272
9.45804672144664
6.4024952080746
4.22895134546327
4.52078802267771
8.92192078240329
13.0934963631302
7.13623059495318
6.26059815820244
6.75629171388656
4.48582970316136
9.30351683542157
4.42380839948117
6.5292689996201
2.13432620703746
13.9272012269141
12.0900595184014
7.51374652230252
6.72006239116998
13.2532610484656
3.12319310427389
8.30964825246917
3.50029540271084
4.99113096034627
10.2362264166836
4.46024836314929
2.54283545695549
4.6657861719193
14.309918628246
3.32608158164249
3.22580320440273
7.21530307324854
7.17524974528828
9.33503256634999
18.0184334229775
1.86306658363879
10.1139759655519
8.5263263676028
4.96368684479689
9.97516448181743
9.80711429406414
8.34453145258359
3.71975167550721
6.50142293585236
3.59464903954253
9.28774853576892
1.51333678133457
4.24509686728801
6.55195132663491
6.28626730628547
8.41707822592033
8.28929868041982
3.24288451596135
7.20394895198783
3.10453565722135
9.74461012556084
7.51493048314904
3.37920509178729
7.4432040114089
5.54444751498565
0.929578908705621
3.82197465679486
12.6030643875881
4.58426221717607
9.61457123987717
3.31930423701991
5.29751060215672
0.755740104718164
5.6272547494141
2.571974437498
12.6741235190585
4.87015725694472
3.39637331379813
15.7778194572693
10.3728704880468
3.54467116169157
11.4101464629865
7.13710721536323
4.38647450237644
11.0346474657844
9.8648772921117
10.9884725448555
7.57582441776248
9.76691430703735
3.34438341824324
2.19997825478639
8.63909517704192
8.85077423504968
2.37185277542951
3.34269004419955
4.37469985839198
8.94601915706875
4.21456070050329
2.27708247992137
4.37625341899039
4.41565187614051
3.25995655142904
10.2011173370357
13.951464245478
4.93198207135439
16.2476442924572
4.18498820772721
8.76364947262297
8.6226703877414
5.98900180732541
6.79119361101097
6.23915221743636
7.11219369025275
12.364049070344
8.32297092686706
6.31515105620894
4.63970452234503
4.55659800011756
9.21915437487818
3.58663205560114
12.1750159707617
5.56970258924956
3.67997178907697
7.46307253585423
6.47474820034037
2.59692296879049
5.25378302200607
3.97479852140998
3.92900049066513
11.5135723942989
12.6798729449881
4.45919403154804
9.4372537564247
7.87734524057251
6.38921080548188
5.02839118589116
10.3313292470412
7.08709813426729
6.36322743134765
10.4246044953449
5.15305861824859
4.79081245679568
13.4243348179307
5.77701086833035
3.86256501705396
7.62839834025327
4.69425864478438
3.98768275327357
11.9554270651435
17.2680482690495
4.7439211929632
6.08420720336416
2.46313262734051
9.28802306442003
9.34940804725173
11.9052966211154
9.98141076961607
4.91642291623803
9.70091142613854
14.4878696751926
3.02101980952149
8.26629228648512
11.3652613932695
6.41082458847913
8.02829530771096
10.6170585278216
2.37522513870003
5.06510402747594
