"X"
1.74189938254409
2.83755532597669
1.40498286386384
5.00188982468183
4.03569887264727
4.41765906357129
7.14965113915113
5.65645028599817
2.51954314493252
1.44025843773341
6.62056393514482
8.69483489682454
6.1986485897808
3.13814157021959
2.37660181997473
1.98749501792933
2.53112265809561
4.5201366890474
2.43852999764044
2.74710240494671
2.06525708843607
7.3746980409142
3.79872894199658
2.51921599522513
6.77192708388267
6.32307402501527
6.3543603516014
3.06602467356948
6.25649225472513
10.8447316067584
4.3594445133612
1.71622700396409
6.53387390044985
3.17007133700361
7.28555921975012
3.96260679990535
8.82135774132931
2.69557330893298
6.31995825951234
2.03815268409155
2.92212815937581
1.00394731832616
11.5768829662376
5.0574519820666
8.01106174854707
2.75556768761051
2.13337072373557
1.18490775915155
4.27426268859528
2.78143670458571
7.42135892074515
4.79194416932051
4.68257490853766
6.39395805141638
8.18301746749596
5.15778295237682
1.69348878785491
0.562129796301068
3.06560696475056
6.24158142642257
1.83245556495064
3.98191177799332
8.38397658216284
4.21552959207034
6.51800434593935
4.48694575661323
2.70332523581503
2.37086066820263
1.39923832904126
3.80284274915668
4.42449787261153
3.25387572512211
3.42998064128029
7.64776899181834
3.94997431437617
5.88489025548274
7.39542841397018
5.90509068199832
4.60610758308893
9.22258662069676
4.71750210646024
5.79870644865895
1.02662869255512
2.82110572838511
4.88881373420334
8.42800548622899
2.74201759213148
0.888454487966966
0.887967541728744
2.7473828545262
5.66783707862581
2.35508017367292
2.34236514993923
3.79584539060273
6.20200854507989
4.4151541920196
9.33656052853369
0.715535317804283
1.98157315906488
9.12651024784543
1.90034155369797
0.976961430868499
6.53792274485437
15.6085130118359
5.4629640210033
4.75188755517152
5.06178770362418
4.6060237185459
7.29973801570735
3.33058233055743
14.9247658764591
5.49626817872355
6.779738239014
7.67093463335553
4.66480516120075
4.19522098275911
1.69945185124462
6.88655426698973
5.11514183630396
2.02788414574923
7.19377099865036
9.84095584696691
10.8756395089851
6.23359159463088
8.18619578889931
1.45312599469534
7.11501928204418
4.7021625697381
2.59427510160676
7.95217731952316
2.2770590068243
11.6678851476415
2.87503488882793
1.2049425864582
6.16199425157539
12.4561216053937
2.90828706020281
2.90088125875379
6.04944325023608
6.47898591793975
15.1528375826192
1.06223431439159
15.5681719838365
2.17373448986872
2.3457445638147
6.89537185845382
4.32983474517883
2.58229371758079
2.81140585047966
6.43874744042478
10.0425858235435
4.93676262184812
4.21328577490181
4.62162725921411
2.78385219372587
6.76352058262203
2.73503923105956
4.43419860199147
1.02301813866021
10.7743258245554
9.16628029385385
5.25157564630935
4.59167142612339
10.1825646921589
1.7365074126021
5.92024961778716
2.02042884255531
3.18477637635265
7.56206319901672
2.76370763892369
1.31133947274846
2.92599277051263
8.89677183511391
1.88860445586606
1.81323022572404
5.00256688132842
4.96922529255604
6.79039590446797
14.4044750664386
0.838052781772514
7.45703947788
6.10335863323233
3.16286153054711
7.33791510987904
7.19388307166208
5.94969919220827
2.18796173723809
4.41125613901013
2.09226454599356
6.75007697385052
0.609473437620675
2.59491356988359
4.45289436791305
4.23434834056837
6.01098187740783
5.90307509068238
1.82604231975942
4.99311347496673
1.72260247122252
7.14036460050752
5.25256546862042
1.92868680432336
5.19262799186918
3.62969296522152
0.264871810079774
2.26652236622844
9.61365678252814
2.86150813491523
7.02911312763419
1.88349833388036
3.43043153543254
13.2435580521141
7.70287327097452
3.14359293939291
6.07656578706079
6.45922183842563
19.345332140024
3.37899223564407
7.00416456750547
3.1043293054321
1.59931507191838
4.57534759985924
1.73132997461662
3.13756350178103
9.09306790871963
6.69109767369028
10.9702419673215
6.09604991459651
4.33945304235851
3.77763018090606
10.2407622986513
4.82515655851961
2.54796499270668
6.30440002047846
6.18491354804165
3.99102093899252
4.6505014118682
4.19569576621558
4.9167736198051
9.40504900796437
5.93149572536544
4.25805984738071
15.9967071773942
5.57498215142639
16.5332508728727
5.24269597429061
9.87208694532963
1.84544153694504
2.67514589654738
1.12295002714242
2.94480206643997
10.8653032872399
12.1353241321207
2.83116427832513
7.56559214480991
4.36951241400151
3.79158059561075
3.65013249294167
2.15747776585897
5.20922524995215
4.38928859484413
1.3502611454434
3.39526128579039
2.38455343159437
2.34911076716962
8.66522720992558
9.68075507388693
2.76287771781322
6.87761959901123
5.55625572414643
4.31891143309803
3.21455391610583
7.64383578700622
4.89591155278842
4.29755329543253
7.72409642538606
3.31438480663043
3.02517396106429
10.3325838567211
3.81831755941803
2.29780485720491
5.34749800914101
2.94854933404302
2.39453518339394
9.04910081533256
13.7343943217129
2.98793595163735
4.0688087329806
12.1960850920514
3.12515599665034
7.1029652225439
11.268130994452
1.6605373018695
5.88366297004399
6.61076456769159
4.33668496041777
5.68314569273524
7.88988025557452
1.19178007118901
3.24392106574695
